# ArUco Markers (50 markers, IDs 0-49)
# Format: marker_id, binary_representation (0=white, 1=black)
# Each marker is a 6x6 Aruco Marker (8x8 if including black border)
# Each line in `markers.txt` adheres to the format: `<id>: <binary_row1> <binary_row2> ... <binary_row8>`

0: 11111111 11110001 10111001 10010001 11001111 11101011 10110011 11111111
1: 11111111 11111001 10100001 10100011 10111001 10111011 11011101 11111111
2: 11111111 11110101 11001101 11111101 10000011 10101001 11100101 11111111
3: 11111111 10011011 11011101 10100111 10011111 11001011 11000011 11111111
4: 11111111 10010101 10111111 11000001 11010011 10001111 11010101 11111111
5: 11111111 10010011 11100011 10111001 10111111 10001101 10101111 11111111
6: 11111111 11011111 10110011 10111011 10010111 11110001 10010101 11111111
7: 11111111 10111011 11101011 11010111 11100001 11101011 11001011 11111111
8: 11111111 11100111 11110001 10010101 11011011 11011001 10000101 11111111
9: 11111111 11100001 11111011 10000111 10010111 10100111 10000111 11111111
10: 11111111 11011101 11000101 10000001 11110001 11011001 10111001 11111111
11: 11111111 11011011 11100101 10111101 11001001 11101101 11010001 11111111
12: 11111111 11000111 11011111 11010101 11001111 10000001 11110011 11111111
13: 11111111 10111101 10100101 10011001 10001011 10010111 11110001 11111111
14: 11111111 10111001 11010001 11101011 10101101 11100001 10010011 11111111
15: 11111111 10101111 10101001 10111011 11000101 10011001 11000011 11111111
16: 11111111 11111011 11000001 10010111 11000011 10110001 11110111 11111111
17: 11111111 11110101 11010111 10010011 10000101 11110011 11100001 11111111
18: 11111111 11100111 11111111 10101111 10011101 11111001 10111011 11111111
19: 11111111 11011011 11111111 11000001 10100001 10101001 10000101 11111111
20: 11111111 11010101 10100101 10000111 11011101 10010011 10010011 11111111
21: 11111111 11001101 10101111 10111111 10011011 11000101 11100111 11111111
22: 11111111 11000101 10100011 10111001 11101001 11000011 11111101 11111111
23: 11111111 10110011 10110101 11100001 11001101 10011001 10011001 11111111
24: 11111111 10101011 11000111 10100011 11110111 11111111 10110111 11111111
25: 11111111 10011101 10110001 11010101 11101101 11011011 11011111 11111111
26: 11111111 10011111 11000101 11101011 11101111 10110101 11111101 11111111
27: 11111111 10001101 10010111 10111111 11101111 11010111 10101001 11111111
28: 11111111 10001011 10111011 10000001 11101011 10111101 11101111 11111111
29: 11111111 10001011 11010011 11100011 10010001 11000011 10011101 11111111
30: 11111111 10000011 10111001 11001101 10110101 11101011 10100001 11111111
31: 11111111 11111101 10110101 10100001 10000001 11000011 10000101 11111111
32: 11111111 11111101 11010111 11110001 11010001 11101001 11010011 11111111
33: 11111111 11111001 11100001 11000111 10110111 11001011 10111011 11111111
34: 11111111 11110111 10011001 10111011 10111001 10110001 10101001 11111111
35: 11111111 11110101 11001011 10111011 11011001 10001101 10010111 11111111
36: 11111111 11100011 10110111 11110101 10000011 10001011 11000011 11111111
37: 11111111 11011001 10011101 11110001 10111011 11001001 11111111 11111111
38: 11111111 11010111 10011111 10010011 10010011 10010111 10111111 11111111
39: 11111111 11010011 11101101 10100001 10001011 10001111 10010111 11111111
40: 11111111 11001101 11111111 10110001 10101111 10101111 11101001 11111111
41: 11111111 11001111 11110101 11100101 10001011 10111011 11011101 11111111
42: 11111111 11001111 11010101 10110111 11110011 10110011 10001011 11111111
43: 11111111 11001011 10000001 10000101 10001111 10010101 10001001 11111111
44: 11111111 11000111 11101011 10010011 11010011 10101101 11100001 11111111
45: 11111111 11000101 11001111 11011101 10100001 11000111 11001011 11111111
46: 11111111 11000011 10101101 11010111 11001101 11101001 10000111 11111111
47: 11111111 10111101 10111111 10110101 10010011 11111011 10101011 11111111
48: 11111111 10111011 10111011 10010101 11110111 10011111 10000001 11111111
49: 11111111 10110111 10000011 10100101 10001111 10100111 11010111 11111111 